0 0 0 0 0 0 0 0
  0  16  32  48  64  80  96 112
  0  32  64  96 128 160 192 224
  0  48  96 144 192 240  32  80
  0  64 128 192   0  64 128 192
  0  80 160 240  64 144 224  48
 1  5  9 13 17 21 25 29
  5  25  45  65  85 105 125 145
  9  45  81 117 153 189 225   5
 13  65 117 169 221  17  69 121
 17  85 153 221  33 101 169 237
 21 105 189  17 101 185  13  97
 4 12 20 28 36 44 52 60
 12  36  60  84 108 132 156 180
 20  60 100 140 180 220   4  44
 28  84 140 196 252  52 108 164
 36 108 180 252  68 140 212  28
 44 132 220  52 140 228  60 148
 9 21 33 45 57 69 81 93
 21  49  77 105 133 161 189 217
 33  77 121 165 209 253  41  85
 45 105 165 225  29  89 149 209
 57 133 209  29 105 181   1  77
 69 161 253  89 181  17 109 201
  0  96 192  32 128 224  64 160
  0 112 224  80 192  48 160  16
  0 128   0 128   0 128   0 128
  0 144  32 176  64 208  96 240
  0 160  64 224 128  32 192  96
  0 176  96  16 192 112  32 208
 25 125 225  69 169  13 113 213
 29 145   5 121 237  97 213  73
 33 165  41 173  49 181  57 189
 37 185  77 225 117   9 157  49
 41 205 113  21 185  93   1 165
 45 225 149  73 253 177 101  25
 52 156   4 108 212  60 164  12
 60 180  44 164  28 148  12 132
 68 204  84 220 100 236 116 252
 76 228 124  20 172  68 220 116
 84 252 164  76 244 156  68 236
 92  20 204 132  60 244 172 100
 81 189  41 149   1 109 217  69
 93 217  85 209  77 201  69 193
105 245 129  13 153  37 177  61
117  17 173  73 229 129  29 185
129  45 217 133  49 221 137  53
141  73   5 193 125  57 245 177
  0 192 128  64   0 192 128  64
  0 208 160 112  64  16 224 176
  0 224 192 160 128  96  64  32
  0 240 224 208 192 176 160 144
0 0 0 0 0 0 0 0
  0  16  32  48  64  80  96 112
 49 245 185 125  65   5 201 141
 53   9 221 177 133  89  45   1
 57  29   1 229 201 173 145 117
 61  49  37  25  13   1 245 233
65 69 73 77 81 85 89 93
 69  89 109 129 149 169 189 209
100  44 244 188 132  76  20 220
108  68  28 244 204 164 124  84
116  92  68  44  20 252 228 204
124 116 108 100  92  84  76  68
132 140 148 156 164 172 180 188
140 164 188 212 236   4  28  52
153 101  49 253 201 149  97  45
165 129  93  57  21 241 205 169
177 157 137 117  97  77  57  37
189 185 181 177 173 169 165 161
201 213 225 237 249   5  17  29
213 241  13  41  69  97 125 153
  0  32  64  96 128 160 192 224
  0  48  96 144 192 240  32  80
  0  64 128 192   0  64 128 192
  0  80 160 240  64 144 224  48
  0  96 192  32 128 224  64 160
  0 112 224  80 192  48 160  16
 73 109 145 181 217 253  33  69
 77 129 181 233  29  81 133 185
 81 149 217  29  97 165 233  45
 85 169 253  81 165 249  77 161
 89 189  33 133 233  77 177  21
 93 209  69 185  45 161  21 137
148 188 228  12  52  92 132 172
156 212  12  68 124 180 236  36
164 236  52 124 196  12  84 156
172   4  92 180  12 100 188  20
180  28 132 236  84 188  36 140
188  52 172  36 156  20 140   4
225  13  57 101 145 189 233  21
237  41 101 161 221  25  85 145
249  69 145 221  41 117 193  13
  5  97 189  25 117 209  45 137
 17 125 233  85 193  45 153   5
 29 153  21 145  13 137   5 129
  0 128   0 128   0 128   0 128
  0 144  32 176  64 208  96 240
  0 160  64 224 128  32 192  96
  0 176  96  16 192 112  32 208
  0 192 128  64   0 192 128  64
  0 208 160 112  64  16 224 176
 97 229 105 237 113 245 121 253
101 249 141  33 181  73 221 113
105  13 177  85 249 157  65 229
109  33 213 137  61 241 165  89
113  53 249 189 129  69   9 205
117  73  29 241 197 153 109  65
196  76 212  92 228 108 244 124
204 100 252 148  44 196  92 244
212 124  36 204 116  28 196 108
220 148  76   4 188 116  44 228
228 172 116  60   4 204 148  92
236 196 156 116  76  36 252 212
 41 181  65 205  89 229 113 253
 53 209 109   9 165  65 221 121
 65 237 153  69 241 157  73 245
 77   9 197 129  61 249 181 113
 89  37 241 189 137  85  33 237
101  65  29 249 213 177 141 105
  0 224 192 160 128  96  64  32
  0 240 224 208 192 176 160 144
0 0 0 0 0 0 0 0
  0  16  32  48  64  80  96 112
  0  32  64  96 128 160 192 224
  0  48  96 144 192 240  32  80
121  93  65  37   9 237 209 181
125 113 101  89  77  65  53  41
129 133 137 141 145 149 153 157
133 153 173 193 213 233 253  17
137 173 209 245  25  61  97 133
141 193 245  41  93 145 197 249
244 220 196 172 148 124 100  76
252 244 236 228 220 212 204 196
 4 12 20 28 36 44 52 60
 12  36  60  84 108 132 156 180
 20  60 100 140 180 220   4  44
 28  84 140 196 252  52 108 164
113  93  73  53  33  13 249 229
125 121 117 113 109 105 101  97
137 149 161 173 185 197 209 221
149 177 205 233   5  33  61  89
161 205 249  37  81 125 169 213
173 233  37  97 157 217  21  81
